================================================================================
 M(t) 指标有效性分析报告
================================================================================
报告生成时间: 2025-08-28 21:27:06
数据源文件: m_value_csi300.csv
数据时间范围: 2005-12-22 到 2025-08-27
总样本数: 4782


--------------------------------------------------------------------------------
 分析维度：未来 1 交易日市场表现
--------------------------------------------------------------------------------
【详细数据统计】

              平均涨跌幅(%)  涨跌幅标准差(%)   样本数
m_bin                                  
[-1.0, -0.9)       NaN        NaN     0
[-0.9, -0.8)       NaN        NaN     0
[-0.8, -0.7) -1.131906        NaN     1
[-0.7, -0.6)  0.403082   1.303611    11
[-0.6, -0.5) -0.505213   1.808745    15
[-0.5, -0.4) -0.167432   2.456951    57
[-0.4, -0.3)  0.008337   1.834010   105
[-0.3, -0.2)  0.135816   1.274477   151
[-0.2, -0.1)  0.155605   1.560161   329
[-0.1, -0.0) -0.051184   1.671337   493
[-0.0, 0.1)   0.037404   1.601962  1538
[0.1, 0.2)    0.125408   1.570057  1306
[0.2, 0.3)   -0.086054   1.724680   542
[0.3, 0.4)   -0.030854   1.490389   143
[0.4, 0.5)    0.103912   1.013674    31
[0.5, 0.6)         NaN        NaN     0
[0.6, 0.7)         NaN        NaN     0
[0.7, 0.8)         NaN        NaN     0
[0.8, 0.9)         NaN        NaN     0
[0.9, 1.0)         NaN        NaN     0


【核心洞察解读】

  - 趋势预测性: 表现良好。M值为正时平均收益为 0.03%，M值为负时平均收益为 -0.12%。M值越高，未来收益期望越高。
  - 风险指示性: 市场不确定性最低（最可预测）的区间出现在 M值 [0.4, 0.5)，其未来涨跌幅标准差仅为 1.01%。

【策略应用建议】




--------------------------------------------------------------------------------
 分析维度：未来 5 交易日市场表现
--------------------------------------------------------------------------------
【详细数据统计】

              平均涨跌幅(%)  涨跌幅标准差(%)   样本数
m_bin                                  
[-1.0, -0.9)       NaN        NaN     0
[-0.9, -0.8)       NaN        NaN     0
[-0.8, -0.7)  3.696116        NaN     1
[-0.7, -0.6)  0.979630   2.505550    11
[-0.6, -0.5) -0.217700   6.097857    15
[-0.5, -0.4) -0.432618   5.175311    57
[-0.4, -0.3) -0.727582   4.262489   105
[-0.3, -0.2)  0.379290   3.870811   151
[-0.2, -0.1)  0.420786   3.468414   329
[-0.1, -0.0) -0.009729   3.355127   493
[-0.0, 0.1)   0.192419   3.703447  1538
[0.1, 0.2)    0.459203   3.609575  1306
[0.2, 0.3)   -0.045385   4.229219   542
[0.3, 0.4)    0.352560   3.199117   143
[0.4, 0.5)    0.874253   2.880490    31
[0.5, 0.6)         NaN        NaN     0
[0.6, 0.7)         NaN        NaN     0
[0.7, 0.8)         NaN        NaN     0
[0.8, 0.9)         NaN        NaN     0
[0.9, 1.0)         NaN        NaN     0


【核心洞察解读】

  - 趋势预测性: 表现不明显或存在反常。M值为正时平均收益 0.41%，M值为负时平均收益 0.48%。
  - 风险指示性: 市场不确定性最低（最可预测）的区间出现在 M值 [-0.7, -0.6)，其未来涨跌幅标准差仅为 2.51%。

【策略应用建议】




--------------------------------------------------------------------------------
 分析维度：未来 20 交易日市场表现
--------------------------------------------------------------------------------
【详细数据统计】

              平均涨跌幅(%)  涨跌幅标准差(%)   样本数
m_bin                                  
[-1.0, -0.9)       NaN        NaN     0
[-0.9, -0.8)       NaN        NaN     0
[-0.8, -0.7)  7.289402        NaN     1
[-0.7, -0.6)  1.122117   2.903063    11
[-0.6, -0.5) -0.933369   9.398551    15
[-0.5, -0.4) -0.452043  10.983770    57
[-0.4, -0.3) -2.427941   9.163072   105
[-0.3, -0.2)  0.868912   7.226303   151
[-0.2, -0.1)  1.265721   7.326656   329
[-0.1, -0.0) -0.212637   7.406254   493
[-0.0, 0.1)   0.810245   8.065314  1538
[0.1, 0.2)    1.569651   8.130122  1306
[0.2, 0.3)    0.806269   7.442798   542
[0.3, 0.4)    2.101140   7.886434   143
[0.4, 0.5)    3.047257   7.284416    31
[0.5, 0.6)         NaN        NaN     0
[0.6, 0.7)         NaN        NaN     0
[0.7, 0.8)         NaN        NaN     0
[0.8, 0.9)         NaN        NaN     0
[0.9, 1.0)         NaN        NaN     0


【核心洞察解读】

  - 趋势预测性: 表现不明显或存在反常。M值为正时平均收益 1.88%，M值为负时平均收益 0.81%。
  - 风险指示性: 市场不确定性最低（最可预测）的区间出现在 M值 [-0.7, -0.6)，其未来涨跌幅标准差仅为 2.90%。

【策略应用建议】

  - 当 M 值较高时 (如 > 0.3)，未来市场上涨概率较大，适合加大【趋势动能】和【强势突破】策略的权重。



--------------------------------------------------------------------------------
 分析维度：未来 60 交易日市场表现
--------------------------------------------------------------------------------
【详细数据统计】

              平均涨跌幅(%)  涨跌幅标准差(%)   样本数
m_bin                                  
[-1.0, -0.9)       NaN        NaN     0
[-0.9, -0.8)       NaN        NaN     0
[-0.8, -0.7) -1.349570        NaN     1
[-0.7, -0.6) -3.025782   1.169531    11
[-0.6, -0.5) -2.967832  17.773170    15
[-0.5, -0.4) -1.457513  20.282103    57
[-0.4, -0.3) -5.479011  14.975099   105
[-0.3, -0.2)  1.746508  14.519668   151
[-0.2, -0.1)  3.437154  15.182206   329
[-0.1, -0.0)  2.722581  15.761230   493
[-0.0, 0.1)   4.161251  17.019510  1538
[0.1, 0.2)    3.038135  16.311089  1306
[0.2, 0.3)    1.785107  14.809496   542
[0.3, 0.4)    4.692325  15.990296   143
[0.4, 0.5)    5.058206   8.524891    31
[0.5, 0.6)         NaN        NaN     0
[0.6, 0.7)         NaN        NaN     0
[0.7, 0.8)         NaN        NaN     0
[0.8, 0.9)         NaN        NaN     0
[0.9, 1.0)         NaN        NaN     0


【核心洞察解读】

  - 趋势预测性: 表现良好。M值为正时平均收益为 3.64%，M值为负时平均收益为 -0.25%。M值越高，未来收益期望越高。
  - 风险指示性: 市场不确定性最低（最可预测）的区间出现在 M值 [-0.7, -0.6)，其未来涨跌幅标准差仅为 1.17%。

【策略应用建议】

  - 当 M 值较高时 (如 > 0.3)，未来市场上涨概率较大，适合加大【趋势动能】和【强势突破】策略的权重。


